# Created by Octave 7.1.0, Fri Mar 22 20:34:13 2024 GMT <unknown@DESKTOP-PRQP72Q>
# name: x
# type: matrix
# rows: 36
# columns: 5
 0 0 0 0 0
 1 0 0 75 0
 2 0 0 85 0
 3 0 0 55 0
 4 0 0 60 0
 5 0 0 60 0
 6 0 0 55 0
 7 0 0 78 0
 8 0 0 85 0
 9 0 0 78 0
 10 0 0 55 0
 11 0 0 89 0
 12 0 0 94 0
 13 0 0 88 0
 14 0 0 88 0
 15 0 0 88 0
 16 0 0 88 0
 17 0 0 54 0
 18 0 0 75 0
 19 0 0 18 0
 20 0 0 65 0
 21 0 0 69 0
 22 0 0 55 0
 23 0 0 79 0
 24 0 0 78 0
 25 0 0 88 0
 26 0 0 79 0
 27 0 0 81 0
 28 0 0 86 0
 29 0 0 55 0
 30 0 0 79 0
 31 0 0 88 0
 32 0 0 90 0
 33 0 0 96 0
 34 0 0 69 0
 35 0 0 88 0


